epi_year,epi_week,date,rango_edad_owid,dosis,n,n_acum
2021,7,2021-02-15,(Missing),1,1,1
2021,26,2021-06-28,(Missing),1,1,2
2021,29,2021-07-19,(Missing),1,2,4
2021,30,2021-07-26,(Missing),1,1,5
2021,31,2021-08-02,(Missing),1,2,7
2021,10,2021-03-08,(Missing),2,1,1
2021,29,2021-07-19,(Missing),2,1,2
2021,32,2021-08-09,(Missing),2,1,3
2021,33,2021-08-16,(Missing),2,1,4
2021,7,2021-02-15,0-17,1,3,3
2021,8,2021-02-22,0-17,1,3,6
2021,9,2021-03-01,0-17,1,2,8
2021,10,2021-03-08,0-17,1,8,16
2021,11,2021-03-15,0-17,1,21,37
2021,12,2021-03-22,0-17,1,11,48
2021,13,2021-03-29,0-17,1,1,49
2021,14,2021-04-05,0-17,1,6,55
2021,15,2021-04-12,0-17,1,1,56
2021,18,2021-05-03,0-17,1,2,58
2021,19,2021-05-10,0-17,1,44,102
2021,20,2021-05-17,0-17,1,61,163
2021,21,2021-05-24,0-17,1,104,267
2021,22,2021-05-31,0-17,1,48,315
2021,23,2021-06-07,0-17,1,40,355
2021,24,2021-06-14,0-17,1,37,392
2021,25,2021-06-21,0-17,1,63,455
2021,26,2021-06-28,0-17,1,57,512
2021,27,2021-07-05,0-17,1,166,678
2021,28,2021-07-12,0-17,1,164,842
2021,29,2021-07-19,0-17,1,1160,2002
2021,30,2021-07-26,0-17,1,799,2801
2021,31,2021-08-02,0-17,1,352,3153
2021,32,2021-08-09,0-17,1,795,3948
2021,33,2021-08-16,0-17,1,200,4148
2021,10,2021-03-08,0-17,2,2,2
2021,11,2021-03-15,0-17,2,1,3
2021,13,2021-03-29,0-17,2,6,9
2021,14,2021-04-05,0-17,2,20,29
2021,15,2021-04-12,0-17,2,2,31
2021,16,2021-04-19,0-17,2,4,35
2021,17,2021-04-26,0-17,2,1,36
2021,18,2021-05-03,0-17,2,1,37
2021,19,2021-05-10,0-17,2,1,38
2021,21,2021-05-24,0-17,2,2,40
2021,22,2021-05-31,0-17,2,18,58
2021,23,2021-06-07,0-17,2,63,121
2021,24,2021-06-14,0-17,2,87,208
2021,25,2021-06-21,0-17,2,37,245
2021,26,2021-06-28,0-17,2,29,274
2021,27,2021-07-05,0-17,2,25,299
2021,28,2021-07-12,0-17,2,35,334
2021,29,2021-07-19,0-17,2,42,376
2021,30,2021-07-26,0-17,2,61,437
2021,31,2021-08-02,0-17,2,146,583
2021,32,2021-08-09,0-17,2,601,1184
2021,33,2021-08-16,0-17,2,363,1547
2021,6,2021-02-08,18-24,1,1592,1592
2021,7,2021-02-15,18-24,1,4234,5826
2021,8,2021-02-22,18-24,1,5882,11708
2021,9,2021-03-01,18-24,1,2024,13732
2021,10,2021-03-08,18-24,1,9972,23704
2021,11,2021-03-15,18-24,1,16336,40040
2021,12,2021-03-22,18-24,1,13165,53205
2021,13,2021-03-29,18-24,1,1972,55177
2021,14,2021-04-05,18-24,1,8612,63789
2021,15,2021-04-12,18-24,1,6199,69988
2021,16,2021-04-19,18-24,1,3252,73240
2021,17,2021-04-26,18-24,1,2256,75496
2021,18,2021-05-03,18-24,1,3624,79120
2021,19,2021-05-10,18-24,1,7350,86470
2021,20,2021-05-17,18-24,1,5128,91598
2021,21,2021-05-24,18-24,1,5570,97168
2021,22,2021-05-31,18-24,1,3257,100425
2021,23,2021-06-07,18-24,1,2697,103122
2021,24,2021-06-14,18-24,1,5519,108641
2021,25,2021-06-21,18-24,1,9372,118013
2021,26,2021-06-28,18-24,1,5687,123700
2021,27,2021-07-05,18-24,1,9315,133015
2021,28,2021-07-12,18-24,1,8904,141919
2021,29,2021-07-19,18-24,1,22321,164240
2021,30,2021-07-26,18-24,1,9489,173729
2021,31,2021-08-02,18-24,1,17345,191074
2021,32,2021-08-09,18-24,1,11740,202814
2021,33,2021-08-16,18-24,1,421,203235
2021,8,2021-02-22,18-24,2,2,2
2021,9,2021-03-01,18-24,2,1312,1314
2021,10,2021-03-08,18-24,2,3216,4530
2021,11,2021-03-15,18-24,2,5454,9984
2021,12,2021-03-22,18-24,2,2028,12012
2021,13,2021-03-29,18-24,2,8785,20797
2021,14,2021-04-05,18-24,2,9390,30187
2021,15,2021-04-12,18-24,2,18617,48804
2021,16,2021-04-19,18-24,2,3009,51813
2021,17,2021-04-26,18-24,2,6271,58084
2021,18,2021-05-03,18-24,2,5240,63324
2021,19,2021-05-10,18-24,2,4916,68240
2021,20,2021-05-17,18-24,2,1784,70024
2021,21,2021-05-24,18-24,2,3990,74014
2021,22,2021-05-31,18-24,2,2416,76430
2021,23,2021-06-07,18-24,2,3877,80307
2021,24,2021-06-14,18-24,2,7448,87755
2021,25,2021-06-21,18-24,2,6295,94050
2021,26,2021-06-28,18-24,2,3114,97164
2021,27,2021-07-05,18-24,2,4528,101692
2021,28,2021-07-12,18-24,2,7271,108963
2021,29,2021-07-19,18-24,2,4759,113722
2021,30,2021-07-26,18-24,2,5020,118742
2021,31,2021-08-02,18-24,2,7262,126004
2021,32,2021-08-09,18-24,2,12964,138968
2021,33,2021-08-16,18-24,2,927,139895
2021,6,2021-02-08,25-49,1,77796,77796
2021,7,2021-02-15,25-49,1,62150,139946
2021,8,2021-02-22,25-49,1,79804,219750
2021,9,2021-03-01,25-49,1,22949,242699
2021,10,2021-03-08,25-49,1,29987,272686
2021,11,2021-03-15,25-49,1,49566,322252
2021,12,2021-03-22,25-49,1,21199,343451
2021,13,2021-03-29,25-49,1,11847,355298
2021,14,2021-04-05,25-49,1,45254,400552
2021,15,2021-04-12,25-49,1,5545,406097
2021,16,2021-04-19,25-49,1,23962,430059
2021,17,2021-04-26,25-49,1,7720,437779
2021,18,2021-05-03,25-49,1,5516,443295
2021,19,2021-05-10,25-49,1,16691,459986
2021,20,2021-05-17,25-49,1,14057,474043
2021,21,2021-05-24,25-49,1,21255,495298
2021,22,2021-05-31,25-49,1,14135,509433
2021,23,2021-06-07,25-49,1,13673,523106
2021,24,2021-06-14,25-49,1,41469,564575
2021,25,2021-06-21,25-49,1,52471,617046
2021,26,2021-06-28,25-49,1,39241,656287
2021,27,2021-07-05,25-49,1,267554,923841
2021,28,2021-07-12,25-49,1,457419,1381260
2021,29,2021-07-19,25-49,1,635476,2016736
2021,30,2021-07-26,25-49,1,306561,2323297
2021,31,2021-08-02,25-49,1,516209,2839506
2021,32,2021-08-09,25-49,1,347475,3186981
2021,33,2021-08-16,25-49,1,20440,3207421
2021,7,2021-02-15,25-49,2,7,7
2021,8,2021-02-22,25-49,2,10,17
2021,9,2021-03-01,25-49,2,67189,67206
2021,10,2021-03-08,25-49,2,53179,120385
2021,11,2021-03-15,25-49,2,75945,196330
2021,12,2021-03-22,25-49,2,25353,221683
2021,13,2021-03-29,25-49,2,25458,247141
2021,14,2021-04-05,25-49,2,37000,284141
2021,15,2021-04-12,25-49,2,38510,322651
2021,16,2021-04-19,25-49,2,13296,335947
2021,17,2021-04-26,25-49,2,39855,375802
2021,18,2021-05-03,25-49,2,7799,383601
2021,19,2021-05-10,25-49,2,15792,399393
2021,20,2021-05-17,25-49,2,9446,408839
2021,21,2021-05-24,25-49,2,11518,420357
2021,22,2021-05-31,25-49,2,3948,424305
2021,23,2021-06-07,25-49,2,11607,435912
2021,24,2021-06-14,25-49,2,25342,461254
2021,25,2021-06-21,25-49,2,21304,482558
2021,26,2021-06-28,25-49,2,12432,494990
2021,27,2021-07-05,25-49,2,35939,530929
2021,28,2021-07-12,25-49,2,43776,574705
2021,29,2021-07-19,25-49,2,35343,610048
2021,30,2021-07-26,25-49,2,179765,789813
2021,31,2021-08-02,25-49,2,393902,1183715
2021,32,2021-08-09,25-49,2,414139,1597854
2021,33,2021-08-16,25-49,2,126803,1724657
2021,6,2021-02-08,50-59,1,18816,18816
2021,7,2021-02-15,50-59,1,15327,34143
2021,8,2021-02-22,50-59,1,20838,54981
2021,9,2021-03-01,50-59,1,5124,60105
2021,10,2021-03-08,50-59,1,14109,74214
2021,11,2021-03-15,50-59,1,8581,82795
2021,12,2021-03-22,50-59,1,4252,87047
2021,13,2021-03-29,50-59,1,2304,89351
2021,14,2021-04-05,50-59,1,8160,97511
2021,15,2021-04-12,50-59,1,1070,98581
2021,16,2021-04-19,50-59,1,6679,105260
2021,17,2021-04-26,50-59,1,1174,106434
2021,18,2021-05-03,50-59,1,533,106967
2021,19,2021-05-10,50-59,1,2785,109752
2021,20,2021-05-17,50-59,1,5724,115476
2021,21,2021-05-24,50-59,1,24703,140179
2021,22,2021-05-31,50-59,1,24942,165121
2021,23,2021-06-07,50-59,1,56110,221231
2021,24,2021-06-14,50-59,1,45099,266330
2021,25,2021-06-21,50-59,1,190569,456899
2021,26,2021-06-28,50-59,1,428462,885361
2021,27,2021-07-05,50-59,1,673858,1559219
2021,28,2021-07-12,50-59,1,440507,1999726
2021,29,2021-07-19,50-59,1,176570,2176296
2021,30,2021-07-26,50-59,1,80476,2256772
2021,31,2021-08-02,50-59,1,85855,2342627
2021,32,2021-08-09,50-59,1,53198,2395825
2021,33,2021-08-16,50-59,1,5105,2400930
2021,8,2021-02-22,50-59,2,4,4
2021,9,2021-03-01,50-59,2,16966,16970
2021,10,2021-03-08,50-59,2,13388,30358
2021,11,2021-03-15,50-59,2,20192,50550
2021,12,2021-03-22,50-59,2,5414,55964
2021,13,2021-03-29,50-59,2,13160,69124
2021,14,2021-04-05,50-59,2,7258,76382
2021,15,2021-04-12,50-59,2,6446,82828
2021,16,2021-04-19,50-59,2,2513,85341
2021,17,2021-04-26,50-59,2,7262,92603
2021,18,2021-05-03,50-59,2,1466,94069
2021,19,2021-05-10,50-59,2,4970,99039
2021,20,2021-05-17,50-59,2,2173,101212
2021,21,2021-05-24,50-59,2,1251,102463
2021,22,2021-05-31,50-59,2,801,103264
2021,23,2021-06-07,50-59,2,4222,107486
2021,24,2021-06-14,50-59,2,22075,129561
2021,25,2021-06-21,50-59,2,23361,152922
2021,26,2021-06-28,50-59,2,42992,195914
2021,27,2021-07-05,50-59,2,44024,239938
2021,28,2021-07-12,50-59,2,161158,401096
2021,29,2021-07-19,50-59,2,368724,769820
2021,30,2021-07-26,50-59,2,558619,1328439
2021,31,2021-08-02,50-59,2,438864,1767303
2021,32,2021-08-09,50-59,2,152103,1919406
2021,33,2021-08-16,50-59,2,15348,1934754
2021,6,2021-02-08,60-69,1,7321,7321
2021,7,2021-02-15,60-69,1,10019,17340
2021,8,2021-02-22,60-69,1,16164,33504
2021,9,2021-03-01,60-69,1,4998,38502
2021,10,2021-03-08,60-69,1,4370,42872
2021,11,2021-03-15,60-69,1,6257,49129
2021,12,2021-03-22,60-69,1,5743,54872
2021,13,2021-03-29,60-69,1,1949,56821
2021,14,2021-04-05,60-69,1,3512,60333
2021,15,2021-04-12,60-69,1,537,60870
2021,16,2021-04-19,60-69,1,1521,62391
2021,17,2021-04-26,60-69,1,17343,79734
2021,18,2021-05-03,60-69,1,24456,104190
2021,19,2021-05-10,60-69,1,55574,159764
2021,20,2021-05-17,60-69,1,198188,357952
2021,21,2021-05-24,60-69,1,438185,796137
2021,22,2021-05-31,60-69,1,245010,1041147
2021,23,2021-06-07,60-69,1,391997,1433144
2021,24,2021-06-14,60-69,1,118451,1551595
2021,25,2021-06-21,60-69,1,55643,1607238
2021,26,2021-06-28,60-69,1,43558,1650796
2021,27,2021-07-05,60-69,1,56550,1707346
2021,28,2021-07-12,60-69,1,34990,1742336
2021,29,2021-07-19,60-69,1,25561,1767897
2021,30,2021-07-26,60-69,1,14555,1782452
2021,31,2021-08-02,60-69,1,18904,1801356
2021,32,2021-08-09,60-69,1,15258,1816614
2021,33,2021-08-16,60-69,1,1533,1818147
2021,8,2021-02-22,60-69,2,2,2
2021,9,2021-03-01,60-69,2,6785,6787
2021,10,2021-03-08,60-69,2,8701,15488
2021,11,2021-03-15,60-69,2,15565,31053
2021,12,2021-03-22,60-69,2,4991,36044
2021,13,2021-03-29,60-69,2,3651,39695
2021,14,2021-04-05,60-69,2,5702,45397
2021,15,2021-04-12,60-69,2,6428,51825
2021,16,2021-04-19,60-69,2,2155,53980
2021,17,2021-04-26,60-69,2,3115,57095
2021,18,2021-05-03,60-69,2,871,57966
2021,19,2021-05-10,60-69,2,1369,59335
2021,20,2021-05-17,60-69,2,5247,64582
2021,21,2021-05-24,60-69,2,9916,74498
2021,22,2021-05-31,60-69,2,12305,86803
2021,23,2021-06-07,60-69,2,173137,259940
2021,24,2021-06-14,60-69,2,438648,698588
2021,25,2021-06-21,60-69,2,270976,969564
2021,26,2021-06-28,60-69,2,347972,1317536
2021,27,2021-07-05,60-69,2,131502,1449038
2021,28,2021-07-12,60-69,2,66045,1515083
2021,29,2021-07-19,60-69,2,42710,1557793
2021,30,2021-07-26,60-69,2,49487,1607280
2021,31,2021-08-02,60-69,2,43076,1650356
2021,32,2021-08-09,60-69,2,23713,1674069
2021,33,2021-08-16,60-69,2,3325,1677394
2021,6,2021-02-08,70-79,1,76,76
2021,7,2021-02-15,70-79,1,163,239
2021,8,2021-02-22,70-79,1,498,737
2021,9,2021-03-01,70-79,1,290,1027
2021,10,2021-03-08,70-79,1,2669,3696
2021,11,2021-03-15,70-79,1,10456,14152
2021,12,2021-03-22,70-79,1,9268,23420
2021,13,2021-03-29,70-79,1,1431,24851
2021,14,2021-04-05,70-79,1,1746,26597
2021,15,2021-04-12,70-79,1,1010,27607
2021,16,2021-04-19,70-79,1,11994,39601
2021,17,2021-04-26,70-79,1,135100,174701
2021,18,2021-05-03,70-79,1,165616,340317
2021,19,2021-05-10,70-79,1,278836,619153
2021,20,2021-05-17,70-79,1,203392,822545
2021,21,2021-05-24,70-79,1,58635,881180
2021,22,2021-05-31,70-79,1,20720,901900
2021,23,2021-06-07,70-79,1,35446,937346
2021,24,2021-06-14,70-79,1,29410,966756
2021,25,2021-06-21,70-79,1,23642,990398
2021,26,2021-06-28,70-79,1,17918,1008316
2021,27,2021-07-05,70-79,1,20479,1028795
2021,28,2021-07-12,70-79,1,12655,1041450
2021,29,2021-07-19,70-79,1,8943,1050393
2021,30,2021-07-26,70-79,1,5380,1055773
2021,31,2021-08-02,70-79,1,7505,1063278
2021,32,2021-08-09,70-79,1,6974,1070252
2021,33,2021-08-16,70-79,1,744,1070996
2021,9,2021-03-01,70-79,2,74,74
2021,10,2021-03-08,70-79,2,155,229
2021,11,2021-03-15,70-79,2,472,701
2021,12,2021-03-22,70-79,2,280,981
2021,13,2021-03-29,70-79,2,2174,3155
2021,14,2021-04-05,70-79,2,8628,11783
2021,15,2021-04-12,70-79,2,10034,21817
2021,16,2021-04-19,70-79,2,1334,23151
2021,17,2021-04-26,70-79,2,1329,24480
2021,18,2021-05-03,70-79,2,1287,25767
2021,19,2021-05-10,70-79,2,10559,36326
2021,20,2021-05-17,70-79,2,84087,120413
2021,21,2021-05-24,70-79,2,132089,252502
2021,22,2021-05-31,70-79,2,166596,419098
2021,23,2021-06-07,70-79,2,307222,726320
2021,24,2021-06-14,70-79,2,97736,824056
2021,25,2021-06-21,70-79,2,29572,853628
2021,26,2021-06-28,70-79,2,27947,881575
2021,27,2021-07-05,70-79,2,27975,909550
2021,28,2021-07-12,70-79,2,27703,937253
2021,29,2021-07-19,70-79,2,19371,956624
2021,30,2021-07-26,70-79,2,19198,975822
2021,31,2021-08-02,70-79,2,15934,991756
2021,32,2021-08-09,70-79,2,8616,1000372
2021,33,2021-08-16,70-79,2,1316,1001688
2021,6,2021-02-08,80+,1,10,10
2021,7,2021-02-15,80+,1,19,29
2021,8,2021-02-22,80+,1,95,124
2021,9,2021-03-01,80+,1,35,159
2021,10,2021-03-08,80+,1,12987,13146
2021,11,2021-03-15,80+,1,41727,54873
2021,12,2021-03-22,80+,1,26463,81336
2021,13,2021-03-29,80+,1,5804,87140
2021,14,2021-04-05,80+,1,1774,88914
2021,15,2021-04-12,80+,1,42206,131120
2021,16,2021-04-19,80+,1,70342,201462
2021,17,2021-04-26,80+,1,114869,316331
2021,18,2021-05-03,80+,1,83539,399870
2021,19,2021-05-10,80+,1,33494,433364
2021,20,2021-05-17,80+,1,25547,458911
2021,21,2021-05-24,80+,1,14391,473302
2021,22,2021-05-31,80+,1,8152,481454
2021,23,2021-06-07,80+,1,14974,496428
2021,24,2021-06-14,80+,1,13089,509517
2021,25,2021-06-21,80+,1,12095,521612
2021,26,2021-06-28,80+,1,8692,530304
2021,27,2021-07-05,80+,1,9307,539611
2021,28,2021-07-12,80+,1,5244,544855
2021,29,2021-07-19,80+,1,3455,548310
2021,30,2021-07-26,80+,1,2133,550443
2021,31,2021-08-02,80+,1,2654,553097
2021,32,2021-08-09,80+,1,2507,555604
2021,33,2021-08-16,80+,1,277,555881
2021,9,2021-03-01,80+,2,3,3
2021,10,2021-03-08,80+,2,36,39
2021,11,2021-03-15,80+,2,45,84
2021,12,2021-03-22,80+,2,28,112
2021,13,2021-03-29,80+,2,11567,11679
2021,14,2021-04-05,80+,2,32558,44237
2021,15,2021-04-12,80+,2,30890,75127
2021,16,2021-04-19,80+,2,6805,81932
2021,17,2021-04-26,80+,2,1434,83366
2021,18,2021-05-03,80+,2,34193,117559
2021,19,2021-05-10,80+,2,68761,186320
2021,20,2021-05-17,80+,2,70866,257186
2021,21,2021-05-24,80+,2,80014,337200
2021,22,2021-05-31,80+,2,20739,357939
2021,23,2021-06-07,80+,2,59532,417471
2021,24,2021-06-14,80+,2,25855,443326
2021,25,2021-06-21,80+,2,11930,455256
2021,26,2021-06-28,80+,2,11381,466637
2021,27,2021-07-05,80+,2,12661,479298
2021,28,2021-07-12,80+,2,13660,492958
2021,29,2021-07-19,80+,2,9184,502142
2021,30,2021-07-26,80+,2,8974,511116
2021,31,2021-08-02,80+,2,6876,517992
2021,32,2021-08-09,80+,2,3455,521447
2021,33,2021-08-16,80+,2,514,521961
